1962	2520.0	0.8514325396825397
1963	2509.0	0.9509047429254671
1964	2530.0	1.154462450592887
1965	2520.0	1.3094603174603179
1966	2519.0	1.4863437872171505
1967	2510.0	1.7562310756972117
1968	2260.0	1.9254026548672574
1969	2500.0	1.913775999999999
1970	7366.0	4.814298126527287
1971	7337.0	6.18895052473763
1972	7365.0	7.984682959945684
1973	7560.0	7.962886243386246
1974	7590.0	6.6846732542819485
1975	7590.0	8.133909090909086
1976	7590.0	10.459285902503295
1977	11529.0	11.79720444097493
1978	12096.0	12.009024470899469
1979	12144.0	13.232830204216075
1980	14712.0	9.588325856443717
1981	14975.0	6.137044407345578
1982	26835.0	3.6106789640394967
1983	33893.0	5.14961319446493
1984	44326.0	4.81202206380002
1985	67063.0	4.924612230290932
1986	76588.0	6.264915391445134
1987	89480.0	7.210992624050059
1988	138926.0	6.003965276478124
1989	149917.0	6.58297277827066
1990	183926.0	6.369104150582308
1991	199344.0	7.150954581025735
1992	233612.0	7.627844074790678
1993	254104.0	8.653585618486957
1994	272928.0	9.456396925196396
1995	294827.0	10.286344568170525
1996	328170.0	12.417022000792317
1997	344971.0	15.495556959860403
1998	364971.0	17.235555482490355
1999	382829.0	17.46746826912278
2000	396071.0	18.95265553398255
2001	416918.0	19.201277037690847
2002	449501.0	18.6722393498568
2003	484726.0	19.323442006411867
2004	538095.0	23.93441013203987
2005	576813.0	26.613839407225537
2006	609136.0	29.439247491528963
2007	651150.0	33.30495633878516
2008	691940.0	27.273130155793865
2009	700962.0	22.020622744171646
2010	71287.0	26.844492123388548
